1502
4898
3872
5829
1138
9359
3178
2398
2295
7905
1610
6232
9746
4176
3636
6299
8143
400
7969
413
261
3558
1595
8009
6396
5969
9114
4531
1007
963
7943
5366
2083
9853
768
3822
5696
4713
3672
9902
8591
4832
4739
3058
1617
9791
5641
680
7336
7007
7973
6099
9096
5320
3455
5224
2290
6761
8906
6127
6124
9507
5814
6771
5239
9095
6221
7845
2367
535
5227
5395
1364
8739
7845
9591
6551
5160
8624
4948
7386
7218
5273
5540
9248
2386
3497
4886
624
2421
8145
1969
5736
9916
1626
3535
6043
6012
4680
4153
5245
7296
8819
397
7693
1816
2992
34
2670
9398
9554
548
5826
1211
9663
212
3809
3378
2762
626
7336
1869
7996
2777
2768
7440
9875
9332
557
6302
8873
561
95
8985
3756
9790
1408
8016
194
2770
5681
3456
6856
7507
964
3503
6677
3109
3250
2332
7845
7639
809
9998
8652
4850
5204
5732
6532
8015
5420
6776
2010
181
7930
5224
4055
8261
6738
1546
7318
7526
4201
4257
1565
598
6649
7705
5551
5151
1977
1413
8555
2798
2505
8382
4749
7066
9379
7700
8210
5130
8554
5484
448
4608
774
5323
4306
5177
54
7225
4631
367
5401
445
5371
286
3017
3899
8156
1134
5558
6577
3179
8267
7358
1712
7879
615
4820
5738
3134
592
3721
8763
6634
6198
6032
8589
590
4874
8878
7305
9359
1201
7255
8961
4916
3948
5481
7731
9956
4547
7108
1239
1
4927
5036
4858
1114
115
9594
1361
8355
8419
5358
2586
3730
1016
6564
6103
918
6644
9420
2968
7748
5270
5396
3304
4474
9104
1749
4386
5659
3460
5407
3931
9825
5133
974
9604
6898
7921
3951
5232
8481
204
3901
4521
2534
1259
7004
8677
951
3935
8781
9880
1833
2575
3550
4543
6250
2772
6311
5880
984
9971
2041
2724
3651
2972
3230
319
7747
300
7231
5622
777
125
8245
6959
7697
6772
9065
1561
6599
8752
9941
4504
9552
2802
7206
5081
419
9275
9650
414
3321
9026
2013
1784
4789
4118
4009
1551
5325
9196
1258
4512
5691
8667
2411
594
554
9566
961
8743
1404
4353
7308
6142
4911
3201
2800
3128
172
7788
4415
1626
6642
9518
5349
1843
4316
5975
1446
1374
2221
9912
9240
5055
1306
6930
2254
4190
5167
4357
9305
9861
5899
5593
1721
6117
1581
8868
9353
6940
8699
4902
812
6617
6892
8672
1729
6672
1662
7046
3121
241
7159
9454
9628
5351
3712
5564
9595
7534
1728
7828
8796
9532
7443
1517
5007
8516
6925
2602
7098
8662
7104
4325
109
4937
2282
7016
3711
3217
1906
5974
7782
2721
792
1170
7866
5828
9537
6729
7126
385
168
9950
477
6047
1577
8667
7468
521
7385
1992
5211
3259
8212
8745
9519
5719
1935
6826
768
8690
9819
3015
1826
2919
8029
3030
8035
6728
1241
3755
6541
8397
936
3084
8049
6866
7012
5253
3065
7877
7238
2676
246
2711
416
8193
4711
4748
3038
1300
8448
9716
1694
9580
7130
5165
3980
3502
5526
290
4959
4034
1801
5090
7671
5218
847
1039
9544
339
5937
3322
7720
6497
1248
3789
8360
5988
5036
5236
3913
5685
5990
3785
3735
2668
520
2616
7046
5977
6662
5826
2820
1632
2904
2699
6799
2640
4005
9504
680
8766
7392
4108
4925
4366
7122
4455
7107
7451
1704
833
1033
2142
1655
1978
2218
3901
7290
3466
4748
3623
9880
9318
1517
4049
2763
1030
9040
2709
5904
2658
762
5753
1467
8622
4558
6997
6956
6931
1495
5556
2222
9313
2294
1428
2233
7445
4792
2199
9153
4857
3571
4304
7440
2915
5800
6767
1836
1922
6044
2753
4087
9720
9151
8411
8624
4670
9606
9944
7312
2432
7993
9817
8700
6972
640
1371
5837
9892
2858
4834
3329
8178
4411
7684
5177
3490
2092
435
4712
6905
1027
4892
791
523
9365
6891
4885
6814
1442
7128
6180
5785
4538
9871
7562
2582
4166
5803
7733
7333
7855
9760
9848
2378
463
9011
3820
8151
3378
942
3837
6721
2300
6113
4760
9957
4391
6153
49
5015
9045
4919
151
102
1296
9822
5732
4502
8246
4962
6058
3511
3929
806
2174
2138
9670
9097
4504
7422
8676
8519
4301
6490
263
2055
8264
8644
4890
5251
6736
9416
1365
2495
964
7759
5653
5093
7317
6715
1421
8061
7451
3369
8742
1848
9197
4788
2502
8235
3129
572
7449
7876
7254
1872
9330
2294
3720
3472
8821
5765
1080
2631
4411
8081
6114
3343
8139
8383
6045
8829
8394
3576
981
9001
5597
5948
7371
6088
6544
2734
2853
262
6825
4401
2381
779
1858
3424
9499
7015
2846
1663
8510
6611
6850
9219
9291
5056
5744
8556
6386
6535
6276
7322
1152
1227
5252
4460
2784
6715
6438
7880
7699
4101
3138
4286
5879
8285
343
4916
5961
3068
5141
708
3567
729
563
6364
1970
2891
2624
2279
7314
5762
7011
4841
6979
6001
7395
4508
7657
6552
1787
3432
4545
740
8777
7585
4253
4109
5515
1455
5020
3029
6672
2371
6664
7948
4025
4544
6855
6009
4982
553
6289
8164
8360
1020
5380
5357
9462
8488
8354
3900
5789
4245
9881
2467
8284
5275
237
8910
8568
1835
7940
9685
9652
9550
9267
7468
111
9590
6328
7774
5582
9296
7937
7875
5436
8232
6973
3029
9799
9071
4588
6298
9090
2647
9091
8112
6613
7464
2113
3782
1952
9231
3322
3214
5129
1951
8601
8960
9755
9993
5195
3331
8633
3560
8778
7780
8633
3273
6384
9082
7154
2623
8522
7957
9819
5592
6901
197
4121
2705
3600
7130
7145
9176
871
8417
4600
7081
4619
4289
9453
8129
2801
7663
4841
9150
6386
6584
4516
660
4879
5960
8562
8383
8049
4055
9441
1382
8771
2029
252
7545
5870
7596
2470
2711
8173
5924
2126
6220
8851
1432
1244
7847
5870
6671
1395
4611
6393
1065
9525
9362
9520
3621
1563
1662
3726
9435
5950
2091
7323
6261
94
9929
5123
6382
6367
6469
1024
2723
6640
3518
8794
9365
9179
1957
6772
8342
1356
837
8490
9729
7121
4903
313
9617
3348
3947
2852
2673
5812
6524
1737
2606
9608
634
7867
1554
1413
7926
4041
9154
4258
1734
8296
8140
2252
1259
2695
4161
1139
9930
9876
4599
4293
5634
4563
3277
3237
647
3874
9465
7485
2193
4120
3843
9329
8860
263
4146
5717
7128
2173
8749
4001
4371
1399
1293
9546
8929
2301
2144
2193
3564
4784
4273
9802
4010
6222
4487
4514
5770
2532
5358
5820
9487
6857
9817
4255
9755
9815
2616
6538
2967
7298
8878
5761
7413
192
8232
4175
2464
